Oregon
11.31
11.35
11.41
11.12
11.31
11.31
11.37
11.31
11.53
11.34
11.19
11.34
11.53
11.40
11.13
11.25
11.72
11.22
11.40
11.47
11.28
11.19
11.13
11.28
11.78
11.15
11.28
11.44
11.25
11.31
11.41
11.22
11.31
11.22
11.28
11.28
11.34
11.25
11.31
11.25
11.28
11.44
11.19
11.19
11.18
11.32
11.19
11.25
11.15
11.40
11.22
11.25
11.35
11.13
10.98
11.13
11.43
11.56
11.25
11.50
11.06
11.28
11.31
11.38
11.40
11.40
11.56
11.37
11.40
11.38
11.60
11.16
11.25
11.41
11.38
11.34
11.41
11.25
11.28
11.35
11.10
11.46
11.19
11.32
11.19
11.35
11.25
11.37
11.28
11.32
11.21
11.48
11.22
11.31
11.25
11.43
11.13
11.34
11.25
11.22
